1000
3
1 -5 3
-2 1 4
5
5 4 3 1 2
1 1 0 1 0
7
677 463 -569 516 401 -998 882
890 588 959 909 948 -617 -655
8
-912 937 167 366 -222 -397 190 -216
354 -222 28 -236 75 869 -622 -56
4
-741 160 176 -378
-665 -149 744 497
1
-466
89
8
495 895 799 -887 -880 -976 994 703
-1000 834 602 433 145 909 -973 382
4
940 -148 -578 560
107 427 729 834
7
-192 -634 503 -837 571 -965 -892
-743 -107 742 -447 862 530 -985
2
326 868
106 111
8
-815 -997 582 910 -496 936 856 -583
921 200 -932 -928 722 963 -826 -762
7
-762 -139 -650 -171 507 857 -729
394 -107 855 -914 936 276 -574
8
343 873 -183 -903 380 0 -249 355
509 -615 -481 -832 -253 -354 -93 -148
7
223 -662 764 708 -547 694 265
255 30 -454 -845 800 -988 -905
4
694 -79 -179 864
559 -871 243 -253
8
231 -430 923 -303 -957 535 -846 395
507 862 -624 -6 -836 -94 -718 939
7
-395 896 -112 -244 986 302 -482
-635 134 -825 652 -650 -857 150
4
-71 -508 162 -240
369 -293 -763 59
7
559 -203 -874 -980 -172 898 624
943 -107 -990 -653 -979 429 834
4
382 -808 899 205
974 652 328 -833
8
-718 -596 -776 -173 418 682 -733 758
620 980 -911 364 -275 905 185 -837
3
-660 -598 -463
94 868 -674
7
673 820 327 -152 102 137 113
596 -230 197 837 -641 -47 208
3
-40 -545 -602
-675 -746 327
7
-952 307 -417 865 699 934 824
662 587 321 875 906 767 -540
8
-539 609 973 -345 281 -591 -618 -217
-247 -717 932 -819 -857 65 -923 576
7
769 21 -340 388 -801 17 450
-123 119 296 477 -771 13 -909
6
-831 919 448 -819 -701 371
-647 705 803 -281 -373 958
8
493 736 460 704 759 -245 -970 986
-576 399 -966 408 -817 598 -869 -56
7
-573 -993 -902 -896 828 -528 -635
551 -889 548 432 930 -961 -886
8
-712 -593 -982 799 -972 616 906 178
-772 998 651 867 -973 807 -215 -302
4
-140 -326 -84 -56
637 188 -94 -439
8
-986 -926 -600 918 988 649 712 998
888 901 871 703 711 514 924 -901
7
451 24 775 824 -374 916 -831
933 -769 -180 -955 -472 -932 -417
4
-545 -307 -824 -239
-409 636 265 -569
5
-933 -363 -947 -943 -625
991 863 970 -599 940
4
-957 -586 -832 743
-506 914 -751 -847
3
894 752 -831
-669 848 -620
7
201 -569 859 -852 814 -553 932
678 216 -655 -337 1000 79 -391
7
452 757 667 -704 442 949 928
-404 97 614 129 791 578 708
8
-227 -443 464 -591 54 -365 -107 -30
828 35 356 387 325 87 239 -44
4
-400 -909 -14 753
-996 47 -973 685
8
-262 949 531 -801 -586 903 -289 -827
-39 -35 -745 -711 -863 941 -875 865
7
259 -776 609 984 -874 800 -131
705 836 679 926 513 -746 999
7
-270 219 265 694 -132 102 -96
-159 -389 -419 -653 949 130 585
7
-705 970 -997 843 868 -685 -795
23 -712 -989 895 517 828 831
8
-415 -126 -146 -124 -165 48 464 534
270 -276 13 -249 34 -164 210 136
3
-210 109 -145
-314 648 -329
4
367 65 -294 452
607 -358 -972 852
8
-293 -168 -654 -33 373 -365 491 -547
71 345 -288 -219 222 371 -87 -222
8
693 976 -558 858 997 -754 283 -684
-920 760 368 -122 78 -171 -205 771
6
129 950 -205 -943 896 834
-762 251 520 -595 -238 -828
7
-677 1000 -973 -957 -524 -687 860
997 651 -406 -745 536 607 -896
4
-617 -925 404 -334
306 798 414 673
8
-999 -948 -987 927 -680 184 260 879
-597 -341 -173 -869 -676 -916 625 -408
2
-684 730
543 -972
5
47 -447 155 -5 132
835 397 724 -105 782
6
623 -488 -825 703 883 853
-181 -658 -900 -702 -992 787
8
639 912 934 525 -785 342 862 477
-676 823 -361 608 -962 763 -659 781
5
474 232 -851 -213 938
-598 -524 -870 514 30
8
194 -65 534 101 143 -142 639 -162
-50 -437 -76 76 -269 -573 -132 764
5
734 -621 -676 -755 828
214 73 903 -487 362
8
-814 663 662 1000 -949 774 -174 -947
935 738 767 -981 -502 490 344 893
5
577 -271 -37 -956 -26
-164 168 377 -146 -878
8
-813 481 971 -695 572 971 -938 454
-360 -256 -250 -650 917 948 105 -642
6
43 260 -111 -13 -517 22
-70 -936 421 231 519 657
8
-781 672 938 -565 860 -417 886 -188
654 -900 -902 488 704 788 -266 -846
6
-848 450 -404 -825 -704 523
-902 908 332 829 -477 839
8
-115 -279 -181 -799 -746 -261 885 106
-34 -773 409 27 -159 -565 -494 -689
6
-273 -30 94 -951 356 1
-124 240 225 -147 -21 -130
7
-856 651 -268 -93 -682 670 290
699 -671 -425 774 967 997 463
5
-590 -709 -687 409 -631
-944 -785 -382 -420 747
6
687 833 543 -994 913 850
-727 689 -788 -996 923 575
5
-882 691 -71 -131 -872
908 -274 -95 -440 846
8
761 822 -898 760 953 -184 -956 -122
-248 790 -872 -395 -439 960 -745 220
6
-774 -808 684 -399 815 -976
263 -541 -563 762 -758 -104
8
-672 481 -603 932 656 -639 -527 -747
-309 -993 970 -514 -995 652 729 218
7
-963 -382 -960 679 731 -748 84
-470 216 -946 263 -919 3 597
6
280 219 237 205 275 -777
-855 -566 -741 464 621 252
4
515 884 -904 479
994 969 709 -808
5
231 382 -626 -846 -716
-839 84 -536 -258 877
5
-441 -773 286 467 316
686 -404 886 235 984
7
-881 46 478 -794 81 -912 482
-124 -854 515 365 819 -842 961
8
1000 997 996 994 995 997 999 995
995 993 1000 992 998 994 992 991
4
-541 830 -775 -373
971 272 782 -720
5
847 239 -200 856 -62
-180 -67 421 -244 -103
8
122 -281 -540 196 -39 -250 -328 -806
116 509 159 232 -838 -307 -320 540
8
742 93 -530 550 101 437 -286 -259
-20 101 -934 132 965 904 -992 -950
6
477 890 662 -863 -244 -838
-911 -824 530 471 130 543
6
-311 -388 381 124 -863 624
892 -961 962 -672 -851 -935
6
-904 651 505 -463 -502 -887
745 287 774 -636 633 921
8
719 -939 304 -778 -112 -998 -501 202
596 928 949 614 -512 682 -617 -984
4
873 514 -759 -761
-380 -851 -735 398
4
137 -391 -738 129
296 253 9 -367
4
-988 -744 -708 -458
516 374 -869 844
5
-505 -502 48 -424 194
-811 690 -438 -325 -350
8
306 922 -475 -872 268 -642 820 977
995 -872 253 -643 536 476 -989 903
8
-278 619 689 -705 723 -266 437 46
475 92 371 -770 770 872 -316 -773
8
570 -910 282 -272 -822 950 -492 -383
-964 917 43 -876 842 -370 -129 -647
7
-767 -402 622 915 -782 275 -41
-530 -486 -788 -591 -664 -993 -124
4
549 679 997 480
695 -640 686 110
6
-313 -89 3 -934 127 -540
-55 60 379 -345 -19 -172
6
377 861 709 -182 773 823
591 -896 850 -639 -955 -743
5
-596 171 687 -280 868
676 -446 -330 -544 -945
5
-46 363 971 543 -638
898 661 -404 554 -430
6
481 257 597 154 -518 981
-57 50 203 849 -669 178
2
-298 565
-905 64
7
974 -732 -304 934 -937 -277 253
802 -922 -406 -855 177 893 969
2
-560 -694
73 -65
3
-956 -37 971
-588 607 -767
7
-560 -729 -782 939 -562 -563 882
499 991 502 -895 549 973 -853
4
-569 660 -805 862
-648 663 544 -748
8
691 -246 674 800 915 751 -415 619
179 -413 -471 909 772 738 300 535
3
-662 254 695
653 -634 -866
8
-867 -873 707 -306 893 -860 781 -572
389 -687 68 974 993 505 955 -932
4
932 712 -734 148
-579 315 16 -491
8
95 -72 -605 -248 66 -302 -662 666
379 48 839 -340 821 -337 140 -180
8
387 101 164 123 50 -232 -170 -350
-261 -567 -171 219 -914 34 -109 126
5
312 770 839 -374 -232
-636 812 -976 972 -839
6
583 978 218 987 425 -683
-665 -742 -963 87 628 716
8
221 565 272 967 -647 -648 212 946
-780 94 -656 -226 -100 697 -981 -711
5
-778 -718 774 -940 821
-560 -856 -727 -894 -981
2
983 -542
-554 471
7
-943 442 575 -660 -960 626 -547
-810 751 -102 571 -721 -871 -895
6
868 -561 897 597 -643 897
283 -922 964 809 623 929
6
740 -102 -704 648 -865 6
-147 897 -591 -699 -592 76
7
-127 537 -172 106 831 -425 520
-128 -973 -438 573 -190 -60 -443
3
559 -429 862
-633 383 826
7
198 -120 -128 431 276 -215 388
991 917 309 8 233 303 261
2
-823 -850
-809 819
8
-996 -995 -999 -994 996 990 992 995
995 -997 -997 -992 998 -992 994 -997
5
-175 -713 -256 100 -567
167 -208 -991 -373 336
3
80 656 -178
-80 204 116
6
746 -893 632 -615 -533 804
-184 503 -796 165 -752 572
8
-950 521 -464 -497 -669 -792 430 616
-821 -558 59 -647 -794 397 783 950
8
-139 -140 -473 825 286 414 -166 -75
-157 832 -967 -373 -741 399 -284 333
4
-333 911 931 564
-14 -925 809 -710
6
852 170 167 -231 -359 292
-36 -74 138 165 -408 686
7
-834 480 -523 -209 -543 55 528
925 -906 563 730 776 -718 -953
8
-655 -954 593 -188 627 902 598 -717
756 415 -531 -631 -436 -712 -622 -343
6
-62 -111 -619 338 811 -440
424 240 -165 56 -439 -670
3
864 -560 -193
878 -894 914
5
735 852 -300 -604 720
417 -830 809 -945 -529
5
-743 -680 265 -748 -720
-811 319 727 -373 629
8
-193 93 -373 -932 491 -17 454 867
-289 96 532 -727 -827 224 -64 968
8
-156 453 974 687 914 -413 -467 -629
-318 -25 999 132 178 -411 900 -238
8
-647 175 44 920 -275 -430 -237 264
95 254 -541 910 -74 -937 690 -43
5
343 521 343 -503 -12
-209 -847 -451 981 -36
7
402 294 -843 -108 -284 -457 -427
31 -87 831 248 790 638 -477
6
-490 734 -604 -615 372 -721
-82 946 -595 -621 -758 -937
6
-957 904 -812 -269 13 -861
-463 -661 -547 985 -856 -663
8
-499 731 -676 -867 490 -523 965 -658
874 -749 901 738 638 563 610 -645
4
686 -375 734 -341
241 -121 690 -740
4
-670 -622 784 970
-901 546 652 253
6
-566 -225 75 -320 -592 -237
64 279 142 -272 502 74
6
-900 720 587 804 755 -25
335 -705 47 -661 716 52
2
399 629
-396 493
6
963 237 934 -928 -943 468
630 526 262 948 826 948
4
-118 -204 592 -615
46 -590 -810 698
7
716 -332 -910 -478 911 -310 -143
876 -627 683 -777 929 976 -652
7
-900 -397 134 304 169 972 -256
-995 319 -641 62 -552 -935 -479
7
742 -622 -831 797 889 816 637
931 923 383 908 -453 250 -644
3
828 616 447
597 -33 -877
8
-608 -967 917 -157 505 -643 483 -543
529 -555 -961 400 873 -936 -781 708
7
98 -709 774 142 -821 763 522
888 -796 452 -906 216 -818 231
6
465 483 -679 972 -906 556
727 404 919 763 -578 925
2
-929 -844
-272 943
7
851 -421 985 183 996 882 923
-777 462 -932 -34 -677 -920 247
6
46 874 682 -229 -932 -459
-186 425 664 322 -992 -223
8
369 619 270 223 291 721 -976 -461
344 9 550 -46 451 245 -330 505
4
769 438 -204 590
435 986 970 696
5
-78 -356 -197 485 86
652 -806 26 862 -19
7
784 312 -755 -334 -59 313 264
401 711 -848 -986 800 800 803
7
38 726 -768 -982 -978 539 -350
-790 545 934 142 920 143 -974
6
571 571 691 895 190 -829
-612 -729 -852 654 364 -721
6
903 -659 410 237 -518 929
534 -275 902 -510 742 -347
6
853 24 608 -999 262 331
-816 -776 868 -454 -772 -793
3
252 -953 -157
-455 153 -176
7
-202 -516 942 187 -812 -562 -369
810 -450 937 785 474 940 562
4
-962 849 -401 -355
874 995 365 974
1
885
563
8
-912 -930 -503 923 718 750 -666 112
-397 688 207 -628 478 423 779 997
8
727 556 -523 -763 -381 871 748 -725
-846 -967 883 -889 939 1000 -159 975
5
231 926 -747 -590 -191
848 -712 922 -616 623
7
899 675 -912 98 144 -964 793
316 744 816 -592 305 356 -489
8
-945 490 -711 913 -959 -486 934 364
-735 -762 -336 133 -7 453 924 264
7
365 162 959 452 795 -185 936
-126 -871 520 -992 641 -622 -743
7
662 493 -690 977 -188 -856 -746
-649 527 -721 591 669 -604 -944
6
-803 905 -118 498 981 919
-569 -339 -202 775 -269 -630
7
829 -823 -129 961 206 334 -974
-756 -872 706 -465 53 -289 -405
3
-926 734 986
550 99 845
5
515 -678 30 -383 -79
77 -29 -552 -887 -801
7
-473 839 809 -638 78 -567 -511
470 -499 752 597 948 -940 430
5
-934 -910 -807 662 -750
-930 636 465 574 527
8
53 628 -1 814 -28 -42 195 74
-251 -662 198 41 -612 103 -544 18
7
72 -23 -120 130 -422 161 235
20 -195 -989 -301 920 672 179
3
-430 675 892
305 -732 439
8
792 -472 -344 329 -800 -38 -847 756
-558 781 679 -659 -581 -879 -872 738
5
70 311 922 -216 288
-340 332 -525 -374 -965
4
-855 808 728 -252
872 503 464 452
7
-51 -433 -383 -96 156 129 673
-41 336 93 -15 172 -68 720
8
871 -977 -615 -93 515 966 -503 504
880 -931 -722 347 -640 340 -983 78
5
492 9 806 -149 5
469 857 731 -804 -907
8
756 -840 -368 -40 142 -934 -715 281
851 -968 -591 -705 845 -652 -785 -121
7
-834 -938 -664 531 -792 687 910
794 -973 -902 -611 856 -933 -719
7
861 231 -421 -986 971 -798 999
744 991 964 -867 -932 -712 290
7
968 -563 -111 -224 723 19 -905
-111 -392 210 -337 -941 268 4
8
-467 -797 -773 556 460 708 -809 -801
-250 -179 407 -22 -203 191 -284 -734
8
-1 0 0 -1 1 0 -1 1
0 -1 0 -1 1 0 1 -1
7
297 772 527 -933 770 850 -910
709 -738 31 -749 -970 756 597
8
985 248 -427 823 927 -747 338 -991
700 -742 -939 831 -294 516 236 -538
1
-831
890
8
-137 -782 349 89 -91 -176 489 -96
-63 31 263 145 371 459 115 564
7
879 622 -757 889 855 755 -776
-930 -119 993 -103 -450 727 893
7
-455 -750 474 -258 -620 611 988
-406 -819 -660 455 752 52 634
3
39 524 -343
-21 -178 253
8
-688 983 804 671 -663 233 -996 -832
-598 522 -464 488 474 -621 287 -479
6
-214 617 514 476 -1000 -949
708 525 -661 -674 -316 881
8
-567 339 -226 -131 -95 512 -46 396
-478 -416 -32 -105 32 14 134 -980
8
-648 234 -221 -244 -296 584 69 198
-362 -542 86 -179 -507 431 486 -322
8
-647 -424 -938 -799 -554 -813 80 461
789 692 977 600 821 -633 548 881
7
-761 -311 -551 -442 516 -12 797
-937 948 -361 868 -306 825 -640
5
895 692 -362 -554 897
-898 733 -480 -620 -895
5
-943 215 -650 944 -926
-900 550 -624 -976 -806
2
-537 723
279 997
4
750 797 921 481
-533 -852 -760 -52
8
-131 203 74 633 -91 -118 236 -491
718 -593 -911 505 -314 64 -196 -614
4
-733 973 157 -340
-466 -980 721 -816
6
-491 598 900 -704 -583 282
-428 893 -293 -613 -787 -882
2
260 221
916 795
7
-483 -207 -802 -527 -971 -846 536
-381 -805 733 954 979 -634 -271
7
362 -981 845 -233 -240 252 706
-891 -666 813 895 684 -565 -923
8
-549 -800 757 -952 -785 -678 -818 -815
968 684 -699 -943 -842 812 58 -787
4
523 -32 202 -390
-305 -579 360 -588
5
-307 -588 256 -143 -76
590 107 -546 -801 -123
7
-849 -853 -831 259 -461 -25 -288
-494 -726 823 357 -688 67 -123
6
626 -95 -163 164 195 -101
298 -314 935 -45 -54 60
8
802 954 559 -989 603 620 -977 -868
799 -993 -464 -676 -889 -953 -950 -475
6
817 -890 748 -837 849 898
778 921 -498 -707 929 -639
8
290 -392 -425 900 831 -113 -790 71
199 -834 -526 615 -337 -648 -991 -384
8
980 999 -520 874 492 731 -350 194
675 575 704 -603 -434 491 -21 -582
7
717 -811 961 -549 135 -857 640
-817 -863 805 5 377 -987 -569
4
664 980 952 533
-996 -654 539 -554
3
-376 -399 -236
745 279 306
4
-321 -403 -932 -487
867 990 61 398
5
678 719 -49 -870 -329
-899 110 253 388 404
6
361 351 -206 -778 338 -46
334 80 501 -578 -916 922
6
174 -990 407 295 629 -812
-817 193 -174 -445 89 -46
1
-787
-64
2
-832 -545
988 781
8
-726 -145 638 -325 -819 -744 -717 431
238 -842 -537 -779 -875 -720 529 393
1
994
-912
6
-359 21 -957 50 -613 122
-554 522 758 -370 -639 -648
6
-972 550 408 -237 961 930
220 -905 -596 -838 888 658
7
-947 423 567 -948 -927 -683 -932
683 -571 -355 -741 -211 763 670
7
-634 722 250 -850 36 -171 177
799 889 -555 -836 972 472 -905
5
-95 -540 692 -38 -58
220 348 695 -197 68
6
790 492 302 -860 -41 -490
88 150 536 492 -940 -76
8
-767 858 -579 -888 -813 394 -916 -936
-731 888 -727 -467 903 691 -792 585
8
-930 411 256 -632 -558 368 848 -26
-244 802 -281 -976 -877 -777 -269 106
8
982 -944 -745 509 -732 670 -648 -784
490 -802 949 484 963 -652 440 -730
6
-246 375 331 29 834 94
603 -562 75 444 89 -205
7
-104 -892 42 8 410 -100 456
781 -798 -29 -504 -812 -827 -821
4
-758 -651 12 602
-920 -686 -423 -739
7
681 -470 866 -733 18 -31 -190
184 377 -911 196 -303 -294 142
6
419 644 -278 84 260 921
-96 -926 858 314 -777 -779
8
-213 993 676 -581 -524 910 660 727
-793 277 606 544 -776 679 856 -99
8
955 697 990 -608 -860 677 517 647
912 427 -41 -581 883 -974 444 942
8
-909 -667 903 -233 411 -755 -775 -843
-854 -743 -948 -789 -718 372 -811 -887
7
-614 921 -823 513 -543 -755 -827
-632 954 -442 -944 985 716 -862
3
-536 -760 673
774 -576 262
6
-149 920 -61 -674 319 -139
27 -535 -616 829 123 49
7
904 -818 -669 -847 880 673 -990
-271 -810 491 -558 46 -874 759
7
-156 522 930 492 249 -968 729
-380 431 -956 804 -872 633 -892
8
359 -809 132 -347 27 -311 -461 -264
295 332 -696 -343 95 473 -190 158
7
692 -112 -910 917 -987 -762 -570
-355 -962 638 984 -960 -987 133
8
-518 309 639 -88 -203 516 -871 -719
-969 -562 -897 997 872 -851 -448 652
7
753 242 -321 694 101 71 85
320 725 657 -838 -89 -298 876
8
962 880 504 -957 -598 949 478 627
381 228 927 118 -945 -627 -800 -122
7
593 -394 -683 542 903 -986 609
-471 -786 142 -671 317 -670 931
8
638 394 517 -198 -687 958 808 939
802 -967 -759 820 553 898 -721 -501
3
838 -240 264
-980 295 -344
5
-58 -841 -442 -448 -995
-208 675 -249 -748 476
7
-704 -775 -687 954 -278 982 834
-837 934 668 -954 646 811 -447
8
230 293 465 -546 27 921 -335 60
-494 -749 162 277 -680 879 -56 678
5
517 -575 -44 -408 -143
133 516 133 183 757
7
316 -958 -935 -703 -964 977 739
726 327 -985 806 978 -483 874
5
-906 -414 -533 -683 385
574 91 -133 157 -517
6
-635 736 450 -929 -974 -756
-622 987 -705 811 -834 -706
8
881 -530 594 251 -141 -556 -965 724
555 605 -944 -769 -712 631 -733 -946
8
-131 -717 -308 441 -226 -154 -424 64
139 -241 -376 -7 430 -241 351 842
4
493 349 -140 407
-657 -285 69 -142
7
897 -710 679 -871 669 -824 178
793 47 588 -147 266 158 682
7
-770 222 -472 948 980 992 543
-600 -569 61 -960 -828 -925 996
8
854 -673 834 -312 -809 961 952 -713
245 -774 574 777 592 923 -221 305
8
703 -171 -869 -474 883 -999 -514 -809
351 -930 -700 349 -226 -951 -457 -646
1
985
-428
6
919 935 631 -140 366 954
759 -870 553 -942 -752 703
6
-38 -592 -846 -866 -102 -602
849 -302 -920 -748 215 868
5
-771 -489 822 -745 -940
-72 -935 903 -780 -507
1
-952
-947
3
-565 900 -796
-916 -771 -979
1
-794
727
5
16 -740 116 -897 -224
157 336 990 -962 252
1
-479
-513
4
-921 769 -379 -920
-802 772 760 506
8
372 -618 -227 -718 -261 477 936 -309
-308 720 479 827 582 681 860 -970
8
-681 -929 801 -832 -984 432 46 -291
-973 -215 612 -276 -541 -428 -662 -805
7
-947 380 235 954 826 946 727
-846 -365 548 902 727 -188 -403
3
645 -836 585
-832 -831 806
8
712 3 934 -883 -883 988 -468 915
-607 -880 424 550 -935 831 -917 -710
8
-594 -732 -773 254 -653 -657 398 177
-58 -349 741 243 332 977 -413 -491
7
295 -769 -731 -75 1000 -872 856
726 -676 909 -4 767 -796 -920
6
-654 -84 -371 916 635 -505
-417 -872 -487 -550 -905 -806
7
-501 16 -164 -391 -297 -675 232
-84 410 -59 -120 173 -105 477
4
999 -933 589 838
749 -850 -469 922
5
714 723 -547 95 177
536 -401 -975 -519 -761
7
-896 -775 -484 531 825 397 -966
761 928 -557 302 -741 -369 -246
7
703 181 -590 -217 119 -64 574
316 327 -150 -977 -670 -3 226
8
-588 -8 -28 -848 963 277 -673 -947
792 673 -205 732 -869 871 804 803
3
128 668 424
-354 785 959
5
-720 514 -873 899 -629
-425 786 -905 -348 609
8
-405 552 -951 -821 855 -24 -305 999
565 850 406 113 -788 -332 -440 -143
2
607 755
-648 519
5
-849 631 388 513 -814
-253 580 768 316 587
7
168 395 851 644 -990 876 -927
-535 995 511 -484 -201 859 571
3
928 -855 920
-315 -189 -997
3
228 -987 992
973 -983 -926
7
-978 807 813 -855 477 -832 532
-996 767 -617 -893 915 -271 86
4
744 -619 -874 723
-644 -172 -129 36
6
627 -752 842 -648 -939 756
-865 407 -721 -501 -853 941
8
-528 256 -111 -280 -37 9 88 -35
-347 -701 290 181 889 -703 -23 -450
6
620 -852 381 -993 -624 -502
807 779 -544 -813 390 -652
8
-16 786 792 861 -876 -172 -927 646
-920 26 610 -946 -859 685 835 403
5
-216 -672 359 -991 -987
-320 -532 -573 871 668
7
-222 -128 96 250 275 263 -77
284 276 473 -234 -76 -6 191
1
-739
910
5
764 518 -39 -532 914
-858 997 -937 -378 559
8
707 -200 -284 873 440 -707 983 -687
-862 773 -917 359 537 689 503 -723
8
-58 -918 -249 -285 171 -138 -168 -467
-845 707 -289 413 -822 254 -905 17
7
904 -744 953 985 -389 741 558
751 -804 -911 -731 587 116 -513
6
441 737 576 708 -655 931
-647 -957 532 107 692 -969
8
184 184 184 184 184 184 184 184
184 184 184 184 184 184 184 184
6
-788 -121 -895 705 -934 896
997 940 112 -982 -500 -842
6
508 -900 -849 629 490 162
-404 84 -536 -438 -391 933
8
-486 208 -990 -601 553 -356 -355 -270
-54 -888 -930 753 -738 489 -762 -163
7
955 750 -683 -22 38 -955 296
817 649 -582 831 559 414 -744
6
785 918 707 -110 887 -80
686 315 -238 -95 708 436
4
750 224 413 967
-98 -293 213 863
4
634 -659 137 925
-653 921 555 -653
6
-205 418 3 859 580 -298
-946 209 233 611 390 340
6
78 328 -630 -225 -162 -706
35 859 -215 126 868 536
7
-134 -285 734 652 -65 49 336
519 -877 -317 235 -809 -789 -146
8
156 -104 -118 -409 -227 -4 270 -118
-487 268 -573 715 447 -41 -77 164
1
312
840
7
-623 912 157 -120 33 248 -364
540 587 214 409 -4 541 -337
8
-985 -934 -807 710 -594 -112 367 898
52 -524 472 -905 941 -706 268 956
6
-969 250 68 -751 -602 -582
389 721 611 -886 805 819
3
126 -573 -315
-767 -298 -435
3
153 -865 -766
-470 -868 -956
5
-523 -311 177 166 199
67 53 247 -344 646
8
401 -630 -211 -653 813 273 436 -809
502 -124 294 229 -164 146 -732 -316
8
148 -144 905 930 630 272 542 -876
-789 -878 386 260 -435 -960 252 979
5
826 214 -974 864 -171
-590 829 -553 -533 -34
3
895 -336 -563
-760 -459 830
5
314 779 902 -424 564
712 -965 405 -536 -898
8
-988 978 -218 -497 -722 439 -980 952
352 -891 -401 -668 773 -727 702 848
1
-707
-763
3
322 997 858
38 997 969
8
99 -211 -394 -412 -553 118 266 -553
-320 -446 -109 -880 -687 -143 423 184
3
-437 -310 921
600 44 -205
5
-988 858 680 -995 946
-613 515 776 857 -713
4
965 114 -987 787
-624 993 936 -332
7
-741 -31 450 -165 641 -626 -172
-19 641 -553 -422 -343 981 276
8
852 276 -791 -918 -746 -985 613 943
-478 -428 -795 671 -859 -658 -957 748
6
189 501 671 981 -466 61
-55 -26 -113 190 272 475
2
-521 524
-903 688
7
-972 657 82 462 -763 -476 -960
-425 922 -914 -997 -242 -61 -307
3
123 -975 984
-590 -859 -638
3
911 -694 -650
-467 682 -154
7
228 74 18 263 -82 -8 -168
620 -214 80 575 -461 986 299
7
-743 -712 -172 529 -25 354 23
795 -33 151 -754 232 -842 -351
4
896 829 -104 524
851 460 674 -777
8
-896 -235 -734 844 759 -761 745 -715
543 -721 983 714 953 -750 776 838
4
-472 -727 891 -973
678 648 -853 712
5
-272 -928 -497 16 674
-637 168 0 -25 468
6
-543 623 872 -312 -765 873
-625 718 493 -686 -811 -700
5
938 283 -654 451 775
850 89 -838 -779 626
8
-51 629 788 555 -997 838 100 -858
-898 938 -938 -598 -843 760 866 922
8
-299 -164 -564 -922 -624 947 912 708
-667 -270 673 -931 -749 414 524 8
6
-556 -983 908 -775 405 915
493 584 617 991 65 555
8
-209 211 -95 -397 368 -85 8 -54
762 982 202 -129 -358 -663 -220 -465
8
-951 975 -773 536 779 344 82 988
-979 -248 789 -551 938 918 -325 -316
8
-350 850 -998 -649 640 -777 -964 18
689 637 -219 -848 -709 -469 -915 -746
7
941 966 -830 -564 -181 -837 -720
29 582 -245 -974 937 -618 -929
6
-50 82 309 30 -544 -825
-31 81 387 109 208 -9
7
569 379 774 746 685 -906 545
725 374 20 -488 -549 834 719
5
-44 -519 -183 190 332
-474 317 -585 -788 7
6
-797 547 809 -570 -771 -941
807 -754 973 843 -866 559
8
641 -569 -419 -482 776 -82 172 -481
918 90 541 7 135 639 -202 706
8
18 -33 894 262 364 230 756 366
-242 -287 -247 316 -887 661 -19 -706
8
972 -946 -819 918 792 -850 -439 -776
-357 -185 -1 957 314 -542 -955 -687
5
-128 958 608 -550 -871
884 -963 870 884 -870
6
572 187 -419 -944 -571 330
227 -732 185 713 -186 44
6
-757 772 513 452 -763 986
394 -637 -761 728 288 837
6
-235 -616 -220 -101 -294 -433
219 -205 -583 -246 -3 -20
8
-506 -785 862 -478 889 221 308 806
-707 971 -640 860 -958 522 -974 -365
7
218 -128 890 215 -358 -720 37
401 -263 -379 -248 -391 490 231
7
819 832 -933 16 -903 933 998
976 803 957 984 690 -958 -952
6
-523 -493 57 135 -611 -250
558 -762 -812 -744 -94 -544
4
-773 -464 180 -262
786 -400 -606 -175
3
-853 -789 954
794 472 -866
8
859 696 -415 288 -6 412 299 252
388 872 288 984 655 -686 -57 73
7
912 385 -321 1000 -957 877 -432
958 899 300 -75 -990 293 868
1
517
-486
7
-3 135 727 -623 592 199 413
-392 991 967 -697 858 65 -701
4
-845 -685 -375 -520
-372 -634 -906 -999
6
596 394 -184 -660 -208 327
84 -565 -596 131 -367 -383
2
640 38
-550 -480
5
-988 818 -536 681 -875
522 290 -428 734 -989
1
832
511
8
792 -383 -828 668 362 26 249 -647
-735 -823 -996 903 517 803 -814 -500
7
803 761 29 -922 404 318 -341
190 -140 302 -68 -636 -19 -217
8
755 -493 -846 -505 -727 -560 -503 -905
-459 -701 485 736 -847 -968 -190 -341
8
948 -897 -797 -916 -701 652 -651 -752
-829 -155 668 941 355 -809 -391 820
5
692 890 -811 -561 -548
-159 425 -986 397 -887
5
-977 -711 -120 505 -711
-950 996 965 -721 829
8
-910 877 495 -509 751 107 946 517
291 861 576 470 -405 892 -946 -873
4
-504 -418 244 60
-92 13 -222 171
1
845
-169
5
-329 984 634 435 494
-551 643 854 -960 -814
6
-904 993 263 452 -735 -900
-46 -23 795 -948 416 -978
5
-967 404 649 695 -18
754 -578 248 529 75
1
193
518
3
490 -870 274
-169 529 578
7
827 -804 846 561 619 694 632
750 -841 939 -985 829 -891 -941
8
-228 89 873 -498 762 639 139 70
374 674 -561 -220 624 -299 -239 757
8
71 25 -633 329 962 -459 -82 786
138 -456 -862 439 447 115 -208 -840
5
717 846 353 668 -304
103 231 841 -908 -976
6
662 -884 -154 -655 745 714
-332 587 -832 877 -858 810
7
-971 458 -320 -790 483 -624 236
835 546 344 -842 272 -949 -909
8
-543 715 -930 466 -356 960 770 -319
974 -945 911 82 622 755 859 -653
4
765 -681 -865 941
-934 -780 -561 5
8
-848 -511 -780 375 -944 -572 -526 934
-985 381 93 -576 635 867 979 597
1
884
838
8
-444 -251 726 -540 137 883 195 921
948 796 349 411 927 -757 532 -1000
7
756 839 -645 -512 888 -241 -169
-289 401 -899 -768 -684 558 734
8
-235 717 782 -877 -429 -659 359 627
-394 -371 -825 47 571 918 -471 -181
6
-681 -459 801 -779 305 -692
-606 -574 -977 -408 913 656
8
245 145 252 -360 -133 -426 362 -503
-164 350 -169 46 605 -150 743 -680
6
-669 540 87 968 773 -881
-298 470 -695 892 994 -815
8
-427 296 -281 234 -354 190 606 5
151 -440 215 985 -960 -43 24 57
7
-994 808 153 -919 -895 875 -873
-912 952 725 -134 -588 -709 898
8
749 -927 432 468 730 -897 -889 857
987 818 -995 -949 -612 497 759 70
3
-298 215 48
-475 -272 0
6
-434 887 860 -898 -869 645
727 -749 -56 -579 -449 922
6
33 -435 211 -896 93 -197
25 552 474 -194 715 -228
5
550 -998 -200 -736 -567
592 818 -330 -873 -955
7
-262 -784 123 932 308 -336 -307
-258 -167 264 -126 -39 -524 -256
6
765 -304 -989 97 608 -211
658 -822 -629 67 -647 439
4
78 -572 -270 986
220 -203 174 -190
3
-839 -569 -557
573 -717 -519
2
344 407
564 -271
8
282 -442 -777 865 -677 899 830 -986
-492 717 908 462 -240 156 -791 -929
8
-746 672 -640 -844 969 888 862 26
925 -407 58 -981 837 321 -861 -972
6
668 604 -978 -835 -745 -380
834 663 887 495 993 990
8
-333 367 -342 852 -93 985 972 -611
-429 -792 -626 -612 631 909 -759 968
5
971 998 -616 -627 -869
-913 871 -404 -950 -679
6
-324 118 -356 -894 -27 -338
902 -244 183 177 281 842
3
-339 -95 149
926 -515 220
2
21 -999
922 -894
7
-283 825 741 -617 -797 354 -521
-885 -676 -921 882 -838 -936 402
6
-196 95 -373 644 -836 203
-943 -421 -231 417 901 -447
1
961
-724
1
531
793
5
-931 -687 491 220 -900
-568 917 41 417 384
6
828 -438 -690 -615 773 841
-900 -845 -825 -680 -911 676
8
983 -775 608 -842 276 805 -431 458
-948 754 -501 841 549 827 553 653
8
941 -938 705 753 586 727 908 -984
-665 -575 826 988 81 -115 999 917
8
223 110 944 961 476 -905 -346 673
-646 -318 -695 -725 -698 820 205 -881
5
-551 -701 1000 483 704
692 -682 -823 780 806
8
-131 405 63 -424 -388 7 -38 -397
-643 -274 991 271 -574 454 -219 788
8
664 970 806 -721 545 -634 -396 681
-836 882 418 -860 -873 -148 348 -992
4
-835 983 915 -194
-301 -647 -833 774
7
-270 -346 -190 405 32 -40 53
-203 79 -311 724 -522 -899 -794
7
-752 895 -820 86 339 -626 941
895 786 -711 -552 467 612 -765
2
-592 -960
200 -792
7
404 213 113 970 -589 -300 -213
357 -926 138 730 249 -157 904
7
-5 -860 915 771 -855 -194 -184
275 -802 403 751 -501 554 -253
4
-257 -992 893 405
724 505 834 -338
6
-460 157 917 -633 880 975
-822 654 599 906 -857 844
8
743 927 402 -734 -632 732 -47 706
893 794 -775 420 1000 -288 -664 -626
4
-308 -841 -795 -980
626 488 -809 -454
8
606 375 195 -158 599 -869 -526 -735
-786 922 -922 503 785 -924 -377 -968
7
165 -3 -97 273 -704 628 -319
-125 541 -13 -919 265 -206 -310